Parent:image
Date:2025-07-12 22:38:41
Height:2.4180428770392837e-09
Avg Height:1.0415774909233733e-09
Volume:1.2238535873621004e-07
Area:117.5
Perimeter:42.04163056034259
Scale:38.443359375
xCOM:21.3144588470459
yCOM:20.407934188842773
pSeed:168
qSeed:458
rSeed:9
subPixelXCenter:168.0
subPixelYCenter:458.0
