Parent:image
Date:2025-07-12 22:38:41
Height:3.0158644470645868e-09
Avg Height:1.4425919347971217e-09
Volume:2.704859980440233e-07
Area:187.5
Perimeter:51.45584412271568
Scale:57.6650390625
xCOM:17.899255752563477
yCOM:23.72300910949707
pSeed:18
qSeed:182
rSeed:10
subPixelXCenter:18.0
subPixelYCenter:182.0
