Parent:image
Date:2025-07-12 22:38:41
Height:2.8787532357910095e-09
Avg Height:1.4523293678792015e-09
Volume:3.6816550164076034e-07
Area:253.5
Perimeter:60.28427124746186
Scale:86.49755859375
xCOM:27.88759994506836
yCOM:27.401487350463867
pSeed:335
qSeed:106
rSeed:11
subPixelXCenter:335.0
subPixelYCenter:106.0
