Parent:image
Date:2025-07-12 22:38:41
Height:3.2302569508146917e-09
Avg Height:1.6350356624172946e-09
Volume:4.635326149582397e-07
Area:283.5
Perimeter:63.355339059327335
Scale:86.49755859375
xCOM:30.487930297851562
yCOM:30.063180923461914
pSeed:223
qSeed:340
rSeed:11
subPixelXCenter:223.0
subPixelYCenter:340.0
